Sampled Signal
1.00 16.00 0.00 0.00 6.00 21.00 25.00 1.00 19.00 2.00 8.00 20.00 2.00 17.00 30.00 3.00 2.00 0.00 2.00 3.00 42.00 0.00 5.00 10.00 5.00 1.00 27.00 9.00 10.00 23.00 2.00 5.00 20.00 1.00 21.00 19.00 3.00 21.00 23.00 6.00 1.00 26.00 0.00 0.00 10.00 23.00 22.00 26.00 21.00 21.00 5.00 16.00 0.00 5.00 5.00 10.00 0.00 22.00 5.00 0.00 0.00 2.00 3.00 21.00 21.00 2.00 20.00 0.00 1.00 3.00 27.00 0.00 6.00 3.00 1.00 0.00 0.00 23.00 26.00 0.00 7.00 1.00 4.00 20.00 5.00 20.00 5.00 0.00 0.00 8.00 0.00 3.00 6.00 8.00 18.00 0.00 6.00 5.00 3.00 0.00 0.00 40.00 8.00 7.00 0.00 3.00 7.00 2.00 33.00 41.00 7.00 22.00 19.00 2.00 1.00 4.00 0.00 9.00 6.00 7.00 4.00 23.00 25.00 3.00 18.00 8.00 40.00 18.00 18.00 24.00 0.00 16.00 3.00 9.00 26.00 18.00 0.00 20.00 0.00 0.00 3.00 0.00 0.00 5.00 18.00 8.00 29.00 3.00 8.00 17.00 0.00 0.00 0.00 3.00 0.00 1.00 3.00 0.00 5.00 0.00 19.00 1.00 2.00 7.00 27.00 20.00 7.00 6.00 24.00 1.00 8.00 0.00 2.00 3.00 0.00 5.00 0.00 5.00 0.00 0.00 17.00 0.00 4.00 19.00 0.00 0.00 0.00 5.00 17.00 29.00 21.00 0.00 2.00 11.00 8.00 10.00 0.00 19.00 1.00 17.00 0.00 10.00 2.00 4.00 25.00 16.00 0.00 6.00 17.00 4.00 0.00 0.00 8.00 7.00 0.00 4.00 0.00 24.00 24.00 1.00 0.00 17.00 2.00 6.00 0.00 8.00 9.00 5.00 6.00 19.00 5.00 3.00 20.00 16.00 21.00 6.00 18.00 6.00 7.00 18.00 29.00 5.00 25.00 6.00 27.00 5.00 18.00 4.00 22.00 1.00 19.00 22.00 8.00 0.00 17.00 7.00
Peak Frequency1: 505.98
Sampled Signal
2.00 18.00 5.00 10.00 0.00 10.00 0.00 8.00 0.00 9.00 7.00 8.00 7.00 24.00 0.00 4.00 7.00 2.00 8.00 3.00 21.00 17.00 22.00 1.00 0.00 17.00 1.00 20.00 7.00 2.00 3.00 3.00 23.00 16.00 5.00 17.00 8.00 19.00 9.00 23.00 8.00 9.00 9.00 6.00 0.00 20.00 19.00 4.00 8.00 18.00 5.00 7.00 5.00 23.00 18.00 16.00 4.00 0.00 7.00 0.00 5.00 16.00 1.00 7.00 38.00 4.00 4.00 0.00 2.00 2.00 40.00 4.00 1.00 5.00 4.00 4.00 6.00 0.00 4.00 4.00 6.00 9.00 7.00 24.00 8.00 0.00 9.00 0.00 5.00 6.00 9.00 9.00 1.00 17.00 0.00 23.00 9.00 16.00 18.00 1.00 0.00 0.00 8.00 17.00 8.00 0.00 19.00 17.00 18.00 1.00 7.00 7.00 1.00 17.00 0.00 3.00 9.00 0.00 62.00 2.00 5.00 22.00 6.00 6.00 22.00 1.00 1.00 4.00 2.00 2.00 0.00 8.00 19.00 0.00 20.00 0.00 4.00 2.00 18.00 7.00 19.00 6.00 22.00 0.00 27.00 16.00 20.00 26.00 4.00 6.00 22.00 6.00 0.00 21.00 0.00 2.00 7.00 23.00 6.00 21.00 21.00 18.00 17.00 20.00 0.00 3.00 29.00 0.00 23.00 8.00 2.00 21.00 1.00 25.00 7.00 5.00 24.00 20.00 4.00 0.00 18.00 17.00 23.00 1.00 1.00 0.00 0.00 4.00 8.00 3.00 8.00 4.00 5.00 1.00 16.00 1.00 0.00 4.00 24.00 24.00 42.00 0.00 7.00 19.00 17.00 16.00 18.00 0.00 0.00 42.00 1.00 4.00 19.00 2.00 0.00 0.00 1.00 2.00 2.00 19.00 8.00 8.00 19.00 16.00 22.00 19.00 17.00 23.00 8.00 0.00 7.00 3.00 0.00 16.00 24.00 2.00 19.00 0.00 3.00 7.00 4.00 18.00 5.00 0.00 17.00 0.00 17.00 24.00 5.00 9.00 18.00 6.00 19.00 26.00 24.00 17.00
Peak Frequency1: 1874.28
Sampled Signal
1.00 20.00 0.00 3.00 16.00 20.00 8.00 0.00 6.00 22.00 2.00 17.00 5.00 4.00 3.00 0.00 26.00 7.00 40.00 3.00 1.00 25.00 8.00 9.00 2.00 19.00 2.00 4.00 16.00 5.00 4.00 17.00 5.00 18.00 7.00 5.00 23.00 20.00 6.00 18.00 3.00 0.00 17.00 20.00 4.00 7.00 8.00 7.00 21.00 0.00 44.00 0.00 1.00 22.00 0.00 7.00 5.00 19.00 0.00 1.00 20.00 20.00 5.00 9.00 19.00 10.00 2.00 8.00 8.00 17.00 4.00 20.00 17.00 0.00 4.00 3.00 17.00 0.00 18.00 3.00 7.00 5.00 0.00 2.00 2.00 4.00 7.00 4.00 0.00 5.00 18.00 9.00 7.00 0.00 2.00 3.00 9.00 20.00 0.00 2.00 29.00 7.00 0.00 4.00 2.00 2.00 17.00 47.00 5.00 8.00 1.00 7.00 3.00 18.00 9.00 16.00 18.00 44.00 5.00 1.00 4.00 2.00 1.00 0.00 0.00 9.00 9.00 22.00 8.00 0.00 7.00 5.00 6.00 6.00 28.00 5.00 0.00 7.00 0.00 4.00 9.00 7.00 4.00 10.00 5.00 5.00 20.00 3.00 23.00 3.00 8.00 1.00 21.00 0.00 0.00 20.00 0.00 0.00 11.00 0.00 6.00 7.00 8.00 5.00 16.00 5.00 44.00 0.00 1.00 3.00 0.00 25.00 2.00 8.00 4.00 0.00 3.00 20.00 4.00 5.00 8.00 18.00 18.00 0.00 7.00 4.00 7.00 16.00 18.00 5.00 20.00 19.00 7.00 0.00 18.00 0.00 19.00 44.00 7.00 24.00 7.00 10.00 26.00 9.00 16.00 17.00 28.00 0.00 6.00 0.00 9.00 0.00 0.00 3.00 0.00 1.00 6.00 9.00 2.00 21.00 17.00 6.00 25.00 3.00 7.00 5.00 4.00 3.00 18.00 5.00 20.00 19.00 23.00 4.00 24.00 1.00 2.00 5.00 20.00 5.00 7.00 19.00 0.00 26.00 8.00 16.00 2.00 7.00 1.00 9.00 1.00 0.00 3.00 7.00 7.00 6.00   
Peak Frequency1: 2862.51
Sampled Signal
7.00 6.00 6.00 0.00 8.00 0.00 5.00 8.00 21.00 18.00 0.00 16.00 5.00 0.00 6.00 21.00 19.00 0.00 2.00 0.00 19.00 7.00 7.00 1.00 20.00 18.00 3.00 5.00 8.00 11.00 5.00 17.00 4.00 9.00 0.00 5.00 4.00 19.00 18.00 19.00 4.00 16.00 1.00 30.00 8.00 7.00 7.00 0.00 0.00 10.00 18.00 21.00 9.00 6.00 3.00 6.00 0.00 40.00 0.00 28.00 6.00 20.00 0.00 3.00 8.00 7.00 0.00 27.00 21.00 18.00 22.00 5.00 28.00 16.00 1.00 0.00 4.00 3.00 0.00 0.00 8.00 0.00 25.00 16.00 4.00 16.00 17.00 0.00 0.00 3.00 9.00 0.00 0.00 5.00 24.00 0.00 0.00 0.00 18.00 18.00 29.00 2.00 5.00 5.00 18.00 8.00 18.00 0.00 1.00 5.00 7.00 19.00 0.00 6.00 20.00 6.00 5.00 1.00 23.00 8.00 1.00 6.00 18.00 7.00 19.00 7.00 8.00 6.00 18.00 6.00 7.00 18.00 2.00 7.00 19.00 2.00 5.00 7.00 0.00 16.00 7.00 1.00 19.00 8.00 1.00 6.00 45.00 16.00 3.00 9.00 8.00 22.00 0.00 7.00 1.00 6.00 3.00 4.00 18.00 9.00 20.00 18.00 5.00 18.00 5.00 0.00 18.00 26.00 1.00 21.00 16.00 3.00 0.00 0.00 7.00 1.00 5.00 16.00 18.00 5.00 2.00 0.00 24.00 3.00 7.00 22.00 21.00 0.00 8.00 3.00 16.00 1.00 57.00 3.00 5.00 8.00 3.00 8.00 19.00 6.00 3.00 0.00 9.00 4.00 44.00 17.00 0.00 4.00 0.00 18.00 2.00 17.00 18.00 1.00 19.00 5.00 18.00 0.00 6.00 4.00 18.00 8.00 40.00 3.00 20.00 8.00 9.00 6.00 4.00 4.00 0.00 8.00 1.00 6.00 16.00 0.00 0.00 23.00 8.00 4.00 5.00 0.00 3.00 16.00 20.00 7.00 22.00 0.00 5.00 21.00 0.00 16.00 17.00 2.00 5.00 0.00
Peak Frequency1: 3299.32
Sampled Signal
19.00 5.00 17.00 3.00 3.00 16.00 8.00 6.00 0.00 16.00 5.00 7.00 19.00 20.00 0.00 10.00 4.00 10.00 8.00 8.00 16.00 22.00 6.00 4.00 0.00 6.00 9.00 8.00 8.00 0.00 3.00 18.00 8.00 9.00 20.00 21.00 16.00 19.00 4.00 19.00 2.00 8.00 9.00 19.00 18.00 9.00 21.00 5.00 5.00 19.00 0.00 8.00 3.00 3.00 7.00 17.00 0.00 10.00 6.00 17.00 5.00 2.00 0.00 5.00 2.00 16.00 2.00 6.00 0.00 9.00 40.00 21.00 5.00 4.00 33.00 0.00 4.00 23.00 12.00 1.00 0.00 23.00 21.00 9.00 7.00 9.00 16.00 4.00 21.00 21.00 5.00 16.00 0.00 7.00 7.00 9.00 2.00 19.00 22.00 3.00 23.00 18.00 4.00 17.00 9.00 7.00 19.00 16.00 4.00 0.00 6.00 7.00 5.00 5.00 22.00 1.00 6.00 0.00 4.00 18.00 23.00 8.00 10.00 4.00 0.00 16.00 16.00 2.00 20.00 24.00 5.00 3.00 1.00 0.00 20.00 8.00 18.00 6.00 5.00 4.00 0.00 19.00 17.00 0.00 5.00 0.00 6.00 45.00 5.00 5.00 9.00 6.00 8.00 20.00 2.00 6.00 9.00 18.00 18.00 0.00 4.00 4.00 6.00 8.00 19.00 6.00 18.00 8.00 5.00 0.00 17.00 4.00 3.00 18.00 7.00 2.00 18.00 7.00 18.00 19.00 16.00 0.00 6.00 8.00 6.00 9.00 11.00 7.00 0.00 0.00 21.00 6.00 16.00 19.00 4.00 5.00 3.00 8.00 89.00 2.00 8.00 5.00 0.00 5.00 6.00 8.00 6.00 3.00 8.00 20.00 6.00 4.00 8.00 3.00 23.00 2.00 6.00 18.00 8.00 6.00 30.00 8.00 23.00 2.00 9.00 19.00 10.00 18.00 0.00 8.00 5.00 7.00 0.00 20.00 24.00 3.00 8.00 1.00 22.00 19.00 1.00 16.00 0.00 0.00 0.00 7.00 8.00 29.00 0.00 4.00 1.00 8.00 0.00 9.00 18.00 6.00
Peak Frequency1: 1407.26
Sampled Signal
0.00 0.00 0.00 0.00 0.00 0.00 0.00 0.00 0.00 0.00 0.00 0.00 0.00 0.00 0.00 0.00 0.00 0.00 0.00 0.00 0.00 0.00 0.00 0.00 0.00 0.00 0.00 0.00 0.00 0.00 0.00 0.00 0.00 0.00 0.00 0.00 0.00 0.00 0.00 0.00 0.00 0.00 0.00 0.00 0.00 0.00 0.00 0.00 0.00 0.00 0.00 0.00 0.00 0.00 0.00 0.00 0.00 0.00 0.00 0.00 0.00 0.00 0.00 0.00 0.00 0.00 0.00 0.00 0.00 0.00 0.00 0.00 0.00 0.00 0.00 0.00 0.00 0.00 0.00 0.00 0.00 0.00 0.00 0.00 0.00 0.00 0.00 0.00 0.00 0.00 0.00 0.00 0.00 0.00 0.00 0.00 0.00 0.00 0.00 0.00 0.00 0.00 0.00 0.00 0.00 0.00 0.00 0.00 0.00 0.00 0.00 0.00 0.00 0.00 0.00 0.00 0.00 0.00 0.00 0.00 0.00 0.00 0.00 0.00 0.00 0.00 0.00 0.00 0.00 0.00 0.00 0.00 0.00 0.00 0.00 0.00 0.00 0.00 0.00 0.00 0.00 0.00 0.00 0.00 0.00 0.00 0.00 0.00 0.00 0.00 0.00 0.00 0.00 0.00 0.00 0.00 0.00 0.00 0.00 0.00 0.00 0.00 0.00 0.00 0.00 0.00 0.00 0.00 0.00 0.00 0.00 0.00 0.00 0.00 0.00 0.00 0.00 0.00 0.00 0.00 0.00 0.00 0.00 0.00 0.00 0.00 0.00 0.00 0.00 0.00 0.00 0.00 0.00 0.00 0.00 0.00 0.00 0.00 0.00 0.00 0.00 0.00 0.00 0.00 0.00 0.00 0.00 0.00 0.00 0.00 0.00 0.00 0.00 0.00 0.00 0.00 0.00 0.00 0.00 0.00 0.00 0.00 0.00 0.00 0.00 0.00 0.00 0.00 0.00 0.00 0.00 0.00 0.00 0.00 0.00 0.00 0.00 0.00 0.00 0.00 0.00 0.00 0.00 0.00 0.00 0.00 0.00 0.00 0.00 0.00 0.00 0.00 0.00 0.00 0.00 0.00
Peak Frequency1: nan
Sampled Signal
0.00 0.00 0.00 0.00 0.00 0.00 0.00 0.00 0.00 0.00 0.00 0.00 0.00 0.00 0.00 0.00 0.00 0.00 0.00 0.00 0.00 0.00 0.00 0.00 0.00 0.00 0.00 0.00 0.00 0.00 0.00 0.00 0.00 0.00 0.00 0.00 0.00 0.00 0.00 0.00 0.00 0.00 0.00 0.00 0.00 0.00 0.00 0.00 0.00 0.00 0.00 0.00 0.00 0.00 0.00 0.00 0.00 0.00 0.00 0.00 0.00 0.00 0.00 0.00 0.00 0.00 0.00 0.00 0.00 0.00 0.00 0.00 0.00 0.00 0.00 0.00 0.00 0.00 0.00 0.00 0.00 0.00 0.00 0.00 0.00 0.00 0.00 0.00 0.00 0.00 0.00 0.00 0.00 0.00 0.00 0.00 0.00 0.00 0.00 0.00 0.00 0.00 0.00 0.00 0.00 0.00 0.00 0.00 0.00 0.00 0.00 0.00 0.00 0.00 0.00 0.00 0.00 0.00 0.00 0.00 0.00 0.00 0.00 0.00 0.00 0.00 0.00 0.00 0.00 0.00 0.00 0.00 0.00 0.00 0.00 0.00 0.00 0.00 0.00 0.00 0.00 0.00 0.00 0.00 0.00 0.00 0.00 0.00 0.00 0.00 0.00 0.00 0.00 0.00 0.00 0.00 0.00 0.00 0.00 0.00 0.00 0.00 0.00 0.00 0.00 0.00 0.00 0.00 0.00 0.00 0.00 0.00 0.00 0.00 0.00 0.00 0.00 0.00 0.00 0.00 0.00 0.00 0.00 0.00 0.00 0.00 0.00 0.00 0.00 0.00 0.00 0.00 0.00 0.00 0.00 0.00 0.00 0.00 0.00 0.00 0.00 0.00 0.00 0.00 0.00 0.00 0.00 0.00 0.00 0.00 0.00 0.00 0.00 0.00 0.00 0.00 0.00 0.00 0.00 0.00 0.00 0.00 0.00 0.00 0.00 0.00 0.00 0.00 0.00 0.00 0.00 0.00 0.00 0.00 0.00 0.00 0.00 0.00 0.00 0.00 0.00 0.00 0.00 0.00 0.00 0.00 0.00 0.00 0.00 0.00 0.00 0.00 0.00 0.00 0.00 0.00
Peak Frequency1: nan
Sampled Signal
0.00 0.00 0.00 0.00 0.00 0.00 0.00 0.00 0.00 0.00 0.00 0.00 0.00 0.00 0.00 0.00 0.00 0.00 0.00 0.00 0.00 0.00 0.00 0.00 0.00 0.00 0.00 0.00 0.00 0.00 0.00 0.00 0.00 0.00 0.00 0.00 0.00 0.00 0.00 0.00 0.00 0.00 0.00 0.00 0.00 0.00 0.00 0.00 0.00 0.00 0.00 0.00 0.00 0.00 0.00 0.00 0.00 0.00 0.00 0.00 0.00 0.00 0.00 0.00 0.00 0.00 0.00 0.00 0.00 0.00 0.00 0.00 0.00 0.00 0.00 0.00 0.00 0.00 0.00 0.00 0.00 0.00 0.00 0.00 0.00 0.00 0.00 0.00 0.00 0.00 0.00 0.00 0.00 0.00 0.00 0.00 0.00 0.00 0.00 0.00 0.00 0.00 0.00 0.00 0.00 0.00 0.00 0.00 0.00 0.00 0.00 0.00 0.00 0.00 0.00 0.00 0.00 0.00 0.00 0.00 0.00 0.00 0.00 0.00 0.00 0.00 0.00 0.00 0.00 0.00 0.00 0.00 0.00 0.00 0.00 0.00 0.00 0.00 0.00 0.00 0.00 0.00 0.00 0.00 0.00 0.00 0.00 0.00 0.00 0.00 0.00 0.00 0.00 0.00 0.00 0.00 0.00 0.00 0.00 0.00 0.00 0.00 0.00 0.00 0.00 0.00 0.00 0.00 0.00 0.00 0.00 0.00 0.00 0.00 0.00 0.00 0.00 0.00 0.00 0.00 0.00 0.00 0.00 0.00 0.00 0.00 0.00 0.00 0.00 0.00 0.00 0.00 0.00 0.00 0.00 0.00 0.00 0.00 0.00 0.00 0.00 0.00 0.00 0.00 0.00 0.00 0.00 0.00 0.00 0.00 0.00 0.00 0.00 0.00 0.00 0.00 0.00 0.00 0.00 0.00 0.00 0.00 0.00 0.00 0.00 0.00 0.00 0.00 0.00 0.00 0.00 0.00 0.00 0.00 0.00 0.00 0.00 0.00 0.00 0.00 0.00 0.00 0.00 0.00 0.00 0.00 0.00 0.00 0.00 0.00 0.00 0.00 0.00 0.00 0.00 0.00
Peak Frequency1: nan
Sampled Signal
0.00 0.00 0.00 0.00 0.00 0.00 0.00 0.00 0.00 0.00 0.00 0.00 0.00 0.00 0.00 0.00 0.00 0.00 0.00 0.00 0.00 0.00 0.00 0.00 0.00 0.00 0.00 0.00 0.00 0.00 0.00 0.00 0.00 0.00 0.00 0.00 0.00 0.00 0.00 0.00 0.00 0.00 0.00 0.00 0.00 0.00 0.00 0.00 0.00 0.00 0.00 0.00 0.00 0.00 0.00 0.00 0.00 0.00 0.00 0.00 0.00 0.00 0.00 0.00 0.00 0.00 0.00 0.00 0.00 0.00 0.00 0.00 0.00 0.00 0.00 0.00 0.00 0.00 0.00 0.00 0.00 0.00 0.00 0.00 0.00 0.00 0.00 0.00 0.00 0.00 0.00 0.00 0.00 0.00 0.00 0.00 0.00 0.00 0.00 0.00 0.00 0.00 0.00 0.00 0.00 0.00 0.00 0.00 0.00 0.00 0.00 0.00 0.00 0.00 0.00 0.00 0.00 0.00 0.00 0.00 0.00 0.00 0.00 0.00 0.00 0.00 0.00 0.00 0.00 0.00 0.00 0.00 0.00 0.00 0.00 0.00 0.00 0.00 0.00 0.00 0.00 0.00 0.00 0.00 0.00 0.00 0.00 0.00 0.00 0.00 0.00 0.00 0.00 0.00 0.00 0.00 0.00 0.00 0.00 0.00 0.00 0.00 0.00 0.00 0.00 0.00 0.00 0.00 0.00 0.00 0.00 0.00 0.00 0.00 0.00 0.00 0.00 0.00 0.00 0.00 0.00 0.00 0.00 0.00 0.00 0.00 0.00 0.00 0.00 0.00 0.00 0.00 0.00 0.00 0.00 0.00 0.00 0.00 0.00 0.00 0.00 0.00 0.00 0.00 0.00 0.00 0.00 0.00 0.00 0.00 0.00 0.00 0.00 0.00 0.00 0.00 0.00 0.00 0.00 0.00 0.00 0.00 0.00 0.00 0.00 0.00 0.00 0.00 0.00 0.00 0.00 0.00 0.00 0.00 0.00 0.00 0.00 0.00 0.00 0.00 0.00 0.00 0.00 0.00 0.00 0.00 0.00 0.00 0.00 0.00 0.00 0.00 0.00 0.00 0.00 0.00
Peak Frequency1: nan
Sampled Signal
0.00 0.00 0.00 0.00 0.00 0.00 0.00 0.00 0.00 0.00 0.00 0.00 0.00 0.00 0.00 0.00 0.00 0.00 0.00 0.00 0.00 0.00 0.00 0.00 0.00 0.00 0.00 0.00 0.00 0.00 0.00 0.00 0.00 0.00 0.00 0.00 0.00 0.00 0.00 0.00 0.00 0.00 0.00 0.00 0.00 0.00 0.00 0.00 0.00 0.00 0.00 0.00 0.00 0.00 0.00 0.00 0.00 0.00 0.00 0.00 0.00 0.00 0.00 0.00 0.00 0.00 0.00 0.00 0.00 0.00 0.00 0.00 0.00 0.00 0.00 0.00 0.00 0.00 0.00 0.00 0.00 0.00 0.00 0.00 0.00 0.00 0.00 0.00 0.00 0.00 0.00 0.00 0.00 0.00 0.00 0.00 0.00 0.00 0.00 0.00 0.00 0.00 0.00 0.00 0.00 0.00 0.00 0.00 0.00 0.00 0.00 0.00 0.00 0.00 0.00 0.00 0.00 0.00 0.00 0.00 0.00 0.00 0.00 0.00 0.00 0.00 0.00 0.00 0.00 0.00 0.00 0.00 0.00 0.00 0.00 0.00 0.00 0.00 0.00 0.00 0.00 0.00 0.00 0.00 0.00 0.00 0.00 0.00 0.00 0.00 0.00 0.00 0.00 0.00 0.00 0.00 0.00 0.00 0.00 0.00 0.00 0.00 0.00 0.00 0.00 0.00 0.00 0.00 0.00 0.00 0.00 0.00 0.00 0.00 0.00 0.00 0.00 0.00 0.00 0.00 0.00 0.00 0.00 0.00 0.00 0.00 0.00 0.00 0.00 0.00 0.00 0.00 0.00 0.00 0.00 0.00 0.00 0.00 0.00 0.00 0.00 0.00 0.00 0.00 0.00 0.00 0.00 0.00 0.00 0.00 0.00 0.00 0.00 0.00 0.00 0.00 0.00 0.00 0.00 0.00 0.00 0.00 0.00 0.00 0.00 0.00 0.00 0.00 0.00 0.00 0.00 0.00 0.00 0.00 0.00 0.00 0.00 0.00 0.00 0.00 0.00 0.00 0.00 0.00 0.00 0.00 0.00 0.00 0.00 0.00 0.00 0.00 0.00 0.00 0.00 0.00
Peak Frequency1: nan
Sampled Signal
2.00 1.00 1.00 4.00 5.00 19.00 0.00 10.00 8.00 24.00 0.00 3.00 0.00 3.00 8.00 25.00 8.00 17.00 1.00 18.00 5.00 7.00 0.00 0.00 19.00 7.00 0.00 0.00 0.00 9.00 21.00 0.00 17.00 21.00 21.00 18.00 4.00 2.00 0.00 0.00 19.00 6.00 17.00 9.00 6.00 1.00 2.00 7.00 21.00 10.00 8.00 0.00 20.00 40.00 18.00 6.00 7.00 18.00 16.00 0.00 0.00 0.00 0.00 18.00 6.00 11.00 0.00 10.00 23.00 18.00 4.00 16.00 74.00 8.00 24.00 22.00 23.00 21.00 7.00 16.00 6.00 21.00 20.00 1.00 21.00 9.00 21.00 2.00 5.00 17.00 0.00 18.00 3.00 7.00 2.00 20.00 7.00 0.00 0.00 43.00 17.00 3.00 8.00 16.00 24.00 3.00 8.00 0.00 20.00 6.00 9.00 6.00 4.00 20.00 4.00 0.00 24.00 3.00 19.00 56.00 19.00 8.00 2.00 27.00 61.00 8.00 9.00 18.00 17.00 5.00 41.00 2.00 1.00 5.00 1.00 6.00 7.00 3.00 10.00 3.00 4.00 7.00 5.00 2.00 3.00 16.00 17.00 24.00 5.00 6.00 6.00 5.00 3.00 20.00 0.00 7.00 6.00 6.00 8.00 6.00 1.00 1.00 5.00 0.00 16.00 20.00 0.00 1.00 0.00 7.00 21.00 8.00 1.00 4.00 16.00 22.00 17.00 1.00 4.00 25.00 0.00 4.00 7.00 23.00 19.00 0.00 18.00 0.00 0.00 5.00 21.00 0.00 7.00 8.00 4.00 8.00 10.00 41.00 6.00 2.00 3.00 1.00 5.00 8.00 9.00 6.00 3.00 0.00 17.00 4.00 0.00 6.00 0.00 7.00 9.00 21.00 3.00 27.00 18.00 1.00 6.00 17.00 0.00 2.00 6.00 17.00 4.00 6.00 6.00 9.00 19.00 1.00 4.00 0.00 19.00 2.00 0.00 3.00 74.00 5.00 0.00 21.00 0.00 24.00 19.00 3.00 18.00 0.00 19.00 8.00 8.00 4.00 5.00 0.00 6.00 20.00
Peak Frequency1: 2148.01
Sampled Signal
4095.00 4095.00 4095.00 4095.00 4095.00 4095.00 4095.00 4095.00 4095.00 4095.00 4095.00 4095.00 4095.00 4095.00 4095.00 4095.00 4095.00 4013.00 3831.00 3563.00 3483.00 3373.00 3310.00 3256.00 3150.00 2909.00 2664.00 2411.00 2317.00 2236.00 2183.00 1798.00 1464.00 1291.00 1179.00 938.00 636.00 576.00 792.00 425.00 153.00 331.00 280.00 0.00 0.00 0.00 0.00 0.00 0.00 0.00 0.00 0.00 0.00 0.00 0.00 0.00 0.00 0.00 0.00 0.00 0.00 0.00 0.00 0.00 0.00 0.00 0.00 0.00 0.00 0.00 0.00 0.00 0.00 0.00 0.00 0.00 0.00 0.00 0.00 0.00 0.00 0.00 0.00 0.00 0.00 62.00 22.00 0.00 0.00 0.00 5.00 235.00 296.00 411.00 442.00 506.00 638.00 744.00 607.00 1002.00 1340.00 1519.00 1621.00 1502.00 1644.00 1903.00 2140.00 2490.00 2600.00 2736.00 2862.00 3000.00 3128.00 3246.00 3432.00 3563.00 3450.00 3583.00 3756.00 3914.00 4092.00 4095.00 4095.00 4095.00 4095.00 4095.00 4095.00 4095.00 4095.00 4095.00 4095.00 4095.00 4095.00 4095.00 4095.00 4095.00 4095.00 4095.00 4095.00 4095.00 4095.00 4095.00 4095.00 4095.00 4095.00 4095.00 4095.00 4095.00 4095.00 4095.00 4095.00 4095.00 4095.00 4095.00 4095.00 4095.00 4095.00 4095.00 4095.00 4095.00 4095.00 4095.00 4095.00 4095.00 4095.00 4095.00 4095.00 4095.00 4095.00 4095.00 4095.00 4095.00 4095.00 4095.00 4095.00 4095.00 4095.00 4095.00 4095.00 4095.00 4095.00 4095.00 4095.00 4095.00 4095.00 4095.00 4095.00 4095.00 4095.00 4095.00 4095.00 4095.00 4095.00 4095.00 4095.00 4095.00 4095.00 4095.00 4095.00 4095.00 4095.00 4095.00 4095.00 4095.00 4095.00 4095.00 4095.00 4095.00 4095.00 4095.00 4095.00 4095.00 4095.00 4095.00 4095.00 4095.00 4095.00 3918.00 3839.00 3752.00 3756.00 3610.00 3422.00 3227.00 3050.00 2893.00 2648.00 2558.00 2427.00 2247.00 2045.00 1814.00 1612.00 1407.00 1241.00 984.00 793.00 638.00 504.00 344.00 254.00 159.00 126.00 0.00 1.00 28.00 0.00 0.00 0.00 0.00 0.00 0.00 0.00 0.00 0.00 0.00
Peak Frequency1: 181.97
Sampled Signal
2922.00 3072.00 3639.00 3543.00 3486.00 4059.00 3915.00 3994.00 4095.00 4095.00 4095.00 4095.00 4095.00 4095.00 4095.00 4095.00 4095.00 4095.00 4095.00 4095.00 4095.00 4095.00 4095.00 4095.00 4095.00 4095.00 4095.00 4095.00 4095.00 4095.00 4095.00 4095.00 4095.00 4095.00 4095.00 4095.00 4095.00 4095.00 4095.00 4095.00 4095.00 4095.00 4095.00 4095.00 4095.00 4095.00 4095.00 4095.00 4095.00 4095.00 4095.00 4095.00 4095.00 4095.00 4095.00 4095.00 4095.00 4095.00 4095.00 4095.00 4095.00 4095.00 4095.00 4095.00 4095.00 4095.00 4095.00 4095.00 4095.00 4095.00 4095.00 4095.00 4095.00 4095.00 4095.00 4095.00 4095.00 4095.00 4095.00 4095.00 4095.00 4095.00 4095.00 4095.00 4095.00 4095.00 4095.00 4095.00 4095.00 4095.00 4095.00 4095.00 4095.00 4095.00 4095.00 4095.00 4095.00 4095.00 4095.00 4095.00 4095.00 4095.00 4095.00 4095.00 4095.00 4095.00 4095.00 4095.00 4095.00 4095.00 4095.00 4095.00 4095.00 4095.00 4040.00 4095.00 3737.00 3772.00 3484.00 3383.00 3162.00 3018.00 2826.00 2570.00 2522.00 2092.00 2153.00 1982.00 1512.00 1407.00 1294.00 1231.00 1147.00 1051.00 1104.00 845.00 665.00 698.00 638.00 538.00 443.00 328.00 204.00 93.00 0.00 0.00 0.00 0.00 0.00 0.00 0.00 0.00 0.00 0.00 0.00 0.00 0.00 0.00 0.00 0.00 0.00 0.00 0.00 0.00 0.00 0.00 0.00 0.00 0.00 0.00 0.00 0.00 78.00 124.00 0.00 199.00 361.00 19.00 473.00 509.00 476.00 685.00 359.00 812.00 571.00 902.00 958.00 784.00 1320.00 1406.00 1356.00 1641.00 2107.00 2265.00 2045.00 2234.00 2700.00 2934.00 2652.00 3176.00 3006.00 3375.00 3512.00 3274.00 3757.00 3886.00 3726.00 4095.00 4095.00 4095.00 4095.00 4095.00 4095.00 4095.00 4095.00 4095.00 4095.00 4095.00 4095.00 4095.00 4095.00 4095.00 4095.00 4095.00 4095.00 4095.00 4095.00 4095.00 4095.00 4095.00 4095.00 4095.00 4095.00 4095.00 4095.00 4095.00 4095.00 4095.00 4095.00 4095.00 4095.00 4095.00 4095.00 4095.00 4095.00 4095.00 4095.00 4095.00 4095.00 4095.00 4095.00 4095.00 4095.00 4095.00 4095.00 4095.00
Peak Frequency1: 202.04
Sampled Signal
0.00 0.00 0.00 0.00 0.00 0.00 0.00 0.00 0.00 0.00 0.00 0.00 0.00 0.00 0.00 0.00 0.00 0.00 0.00 0.00 0.00 0.00 0.00 0.00 0.00 0.00 0.00 0.00 0.00 0.00 0.00 0.00 0.00 0.00 0.00 0.00 0.00 0.00 0.00 0.00 0.00 0.00 0.00 0.00 0.00 0.00 0.00 0.00 0.00 0.00 0.00 0.00 0.00 0.00 0.00 0.00 0.00 0.00 0.00 0.00 0.00 0.00 0.00 0.00 0.00 0.00 0.00 0.00 0.00 0.00 0.00 0.00 0.00 0.00 0.00 0.00 0.00 0.00 58.00 0.00 0.00 444.00 263.00 310.00 780.00 569.00 621.00 1113.00 828.00 1310.00 1070.00 1083.00 1416.00 1144.00 1548.00 1408.00 1416.00 1369.00 1544.00 1708.00 2014.00 1990.00 1806.00 1948.00 2220.00 2283.00 2041.00 2218.00 2443.00 2365.00 2487.00 2710.00 2622.00 2649.00 2903.00 2983.00 2973.00 2986.00 3118.00 3017.00 3144.00 3342.00 3375.00 3480.00 3499.00 3544.00 3623.00 3671.00 3673.00 3800.00 3848.00 3870.00 3902.00 3961.00 3979.00 4007.00 3992.00 4012.00 3758.00 3743.00 3767.00 3770.00 3823.00 3898.00 4095.00 4095.00 4095.00 4095.00 4095.00 4039.00 3901.00 3772.00 3711.00 3675.00 3608.00 3600.00 3516.00 3498.00 3416.00 3358.00 3216.00 3088.00 3021.00 3008.00 3223.00 3147.00 3112.00 2941.00 2647.00 2495.00 2511.00 2761.00 2735.00 2380.00 2347.00 2560.00 2459.00 2077.00 2411.00 1982.00 2026.00 1804.00 1424.00 1598.00 1406.00 936.00 895.00 1136.00 1005.00 559.00 379.00 743.00 699.00 556.00 151.00 86.00 318.00 232.00 0.00 0.00 0.00 0.00 0.00 0.00 0.00 0.00 0.00 0.00 0.00 0.00 0.00 0.00 0.00 0.00 0.00 0.00 0.00 0.00 0.00 0.00 0.00 0.00 0.00 0.00 0.00 0.00 0.00 0.00 0.00 0.00 0.00 0.00 0.00 0.00 0.00 0.00 0.00 0.00 0.00 0.00 0.00 0.00 0.00 0.00 0.00 0.00 0.00 0.00 0.00 0.00 0.00 0.00 0.00 0.00 0.00 0.00   
Peak Frequency1: 242.49
Sampled Signal
521.00 397.00 431.00 445.00 508.00 543.00 607.00 653.00 712.00 824.00 855.00 887.00 841.00 799.00 719.00 496.00 574.00 557.00 630.00 670.00 719.00 984.00 952.00 1034.00 1068.00 1014.00 1002.00 815.00 684.00 744.00 1040.00 1083.00 1134.00 1099.00 784.00 766.00 887.00 1085.00 1229.00 1222.00 1166.00 827.00 745.00 714.00 699.00 877.00 910.00 956.00 952.00 968.00 953.00 925.00 891.00 857.00 781.00 776.00 684.00 537.00 334.00 303.00 366.00 597.00 649.00 335.00 224.00 313.00 584.00 204.00 223.00 538.00 93.00 350.00 57.00 280.00 0.00 138.00 0.00 71.00 0.00 23.00 0.00 0.00 0.00 0.00 0.00 0.00 0.00 0.00 0.00 0.00 0.00 0.00 0.00 0.00 0.00 0.00 0.00 0.00 0.00 0.00 0.00 0.00 0.00 0.00 0.00 0.00 0.00 0.00 0.00 0.00 0.00 0.00 0.00 0.00 0.00 0.00 0.00 0.00 0.00 0.00 0.00 0.00 0.00 0.00 0.00 0.00 0.00 0.00 0.00 0.00 0.00 0.00 0.00 0.00 0.00 0.00 0.00 0.00 0.00 0.00 0.00 0.00 0.00 0.00 0.00 0.00 0.00 0.00 0.00 0.00 0.00 0.00 0.00 0.00 0.00 0.00 0.00 0.00 0.00 0.00 0.00 0.00 0.00 0.00 0.00 0.00 0.00 0.00 0.00 0.00 0.00 0.00 0.00 0.00 0.00 0.00 40.00 0.00 86.00 0.00 91.00 0.00 0.00 170.00 0.00 234.00 0.00 315.00 0.00 315.00 27.00 334.00 104.00 439.00 278.00 233.00 365.00 250.00 493.00 331.00 407.00 471.00 393.00 535.00 496.00 506.00 733.00 638.00 632.00 842.00 667.00 491.00 648.00 846.00 575.00 600.00 894.00 779.00 591.00 669.00 942.00 1022.00 920.00 633.00 669.00 1016.00 1112.00 1024.00 749.00 796.00 1070.00 1118.00 1024.00 766.00 782.00 888.00 1223.00 1223.00 1230.00 1208.00 1207.00 1132.00 1072.00 1015.00 1016.00 967.00 955.00 923.00 956.00 889.00 942.00 935.00 847.00 761.00 494.00 415.00
Peak Frequency1: 103.52
Sampled Signal
0.00 0.00 0.00 0.00 0.00 0.00 0.00 0.00 0.00 0.00 0.00 0.00 0.00 0.00 0.00 0.00 0.00 0.00 0.00 0.00 0.00 0.00 0.00 0.00 0.00 0.00 0.00 0.00 0.00 0.00 0.00 0.00 0.00 0.00 0.00 0.00 0.00 0.00 0.00 0.00 0.00 0.00 0.00 0.00 0.00 0.00 0.00 0.00 0.00 0.00 0.00 0.00 0.00 0.00 0.00 0.00 0.00 0.00 0.00 0.00 0.00 0.00 0.00 0.00 0.00 0.00 0.00 0.00 0.00 0.00 0.00 0.00 0.00 0.00 0.00 0.00 0.00 0.00 0.00 0.00 0.00 0.00 0.00 19.00 18.00 0.00 0.00 0.00 0.00 0.00 0.00 0.00 0.00 0.00 27.00 45.00 136.00 87.00 59.00 9.00 77.00 47.00 26.00 136.00 141.00 265.00 300.00 239.00 105.00 40.00 9.00 187.00 313.00 365.00 137.00 23.00 124.00 415.00 400.00 91.00 95.00 379.00 425.00 455.00 444.00 382.00 199.00 122.00 190.00 432.00 492.00 445.00 189.00 153.00 159.00 409.00 455.00 352.00 139.00 60.00 108.00 264.00 351.00 377.00 327.00 271.00 104.00 251.00 16.00 124.00 157.00 248.00 0.00 155.00 0.00 0.00 154.00 152.00 0.00 0.00 79.00 182.00 139.00 61.00 20.00 0.00 0.00 0.00 0.00 0.00 0.00 0.00 0.00 0.00 0.00 0.00 0.00 0.00 0.00 0.00 0.00 0.00 0.00 0.00 0.00 0.00 0.00 0.00 0.00 0.00 0.00 0.00 0.00 0.00 0.00 0.00 0.00 0.00 0.00 0.00 0.00 0.00 0.00 0.00 0.00 0.00 0.00 0.00 0.00 0.00 0.00 0.00 0.00 0.00 0.00 0.00 0.00 0.00 0.00 0.00 0.00 0.00 0.00 0.00 0.00 0.00 0.00 0.00 0.00 0.00 0.00 0.00 0.00 0.00 0.00 0.00 0.00 0.00 0.00 0.00 0.00 0.00 0.00 0.00 0.00 0.00 0.00 0.00 0.00 0.00 0.00 0.00 0.00 0.00 0.00 0.00
Peak Frequency1: 1593.90
Sampled Signal
0.00 0.00 0.00 0.00 0.00 0.00 30.00 43.00 45.00 0.00 0.00 0.00 45.00 0.00 3.00 0.00 0.00 106.00 0.00 0.00 127.00 0.00 125.00 0.00 0.00 142.00 0.00 138.00 0.00 52.00 122.00 0.00 184.00 0.00 112.00 189.00 0.00 191.00 0.00 71.00 137.00 0.00 104.00 0.00 0.00 93.00 0.00 0.00 57.00 30.00 0.00 0.00 0.00 25.00 0.00 0.00 0.00 0.00 0.00 0.00 0.00 0.00 0.00 0.00 0.00 0.00 0.00 0.00 0.00 0.00 0.00 0.00 0.00 0.00 0.00 0.00 0.00 0.00 0.00 0.00 0.00 0.00 0.00 0.00 0.00 0.00 0.00 0.00 0.00 0.00 0.00 0.00 0.00 0.00 0.00 0.00 0.00 0.00 0.00 0.00 0.00 0.00 0.00 0.00 0.00 0.00 0.00 0.00 0.00 0.00 0.00 0.00 0.00 0.00 0.00 0.00 0.00 0.00 0.00 0.00 0.00 0.00 0.00 0.00 0.00 0.00 0.00 0.00 0.00 0.00 0.00 0.00 0.00 0.00 0.00 0.00 0.00 0.00 0.00 0.00 0.00 0.00 0.00 0.00 0.00 0.00 0.00 0.00 0.00 0.00 0.00 0.00 0.00 0.00 0.00 0.00 0.00 0.00 0.00 0.00 0.00 0.00 0.00 0.00 0.00 0.00 0.00 0.00 0.00 0.00 0.00 0.00 0.00 0.00 0.00 0.00 0.00 0.00 0.00 0.00 0.00 0.00 0.00 0.00 0.00 0.00 0.00 0.00 0.00 0.00 0.00 0.00 0.00 0.00 0.00 0.00 0.00 0.00 0.00 0.00 0.00 0.00 0.00 0.00 77.00 2.00 58.00 40.00 0.00 0.00 0.00 0.00 0.00 0.00 0.00 0.00 22.00 0.00 87.00 0.00 0.00 29.00 0.00 0.00 171.00 0.00 73.00 185.00 0.00 124.00 0.00 0.00 204.00 0.00 0.00 221.00 0.00 0.00 186.00 0.00 0.00 127.00 136.00 0.00 0.00 27.00 120.00 60.00 0.00 0.00 0.00 0.00 0.00 0.00 3.00 7.00
Peak Frequency1: 142.76
Sampled Signal
6.00 16.00 4.00 18.00 9.00 22.00 20.00 2.00 5.00 7.00 169.00 55.00 1.00 0.00 0.00 7.00 9.00 20.00 9.00 1.00 17.00 3.00 8.00 4.00 7.00 19.00 0.00 8.00 4.00 7.00 23.00 2.00 0.00 3.00 6.00 0.00 8.00 20.00 18.00 3.00 8.00 0.00 0.00 8.00 23.00 19.00 0.00 0.00 18.00 18.00 5.00 8.00 0.00 0.00 4.00 8.00 18.00 0.00 0.00 4.00 21.00 3.00 8.00 8.00 3.00 0.00 1.00 0.00 18.00 18.00 4.00 0.00 1.00 0.00 4.00 22.00 8.00 22.00 9.00 5.00 18.00 18.00 19.00 3.00 30.00 4.00 18.00 18.00 8.00 3.00 8.00 171.00 20.00 19.00 24.00 4.00 3.00 5.00 23.00 0.00 3.00 20.00 1.00 16.00 8.00 18.00 18.00 0.00 21.00 21.00 28.00 8.00 2.00 3.00 18.00 3.00 8.00 0.00 6.00 4.00 16.00 7.00 0.00 2.00 10.00 7.00 7.00 10.00 8.00 3.00 22.00 16.00 5.00 6.00 20.00 2.00 0.00 7.00 8.00 19.00 9.00 16.00 9.00 3.00 3.00 4.00 19.00 0.00 2.00 2.00 8.00 26.00 0.00 8.00 6.00 6.00 8.00 0.00 9.00 5.00 7.00 0.00 5.00 19.00 7.00 5.00 19.00 44.00 0.00 24.00 0.00 3.00 3.00 10.00 8.00 1.00 4.00 0.00 0.00 5.00 18.00 6.00 6.00 18.00 6.00 18.00 4.00 0.00 22.00 8.00 3.00 5.00 4.00 23.00 1.00 3.00 7.00 18.00 17.00 1.00 0.00 7.00 8.00 21.00 0.00 21.00 18.00 57.00 0.00 0.00 4.00 4.00 1.00 5.00 24.00 8.00 10.00 4.00 16.00 6.00 17.00 3.00 23.00 0.00 3.00 2.00 40.00 0.00 3.00 5.00 104.00 7.00 18.00 8.00 0.00 4.00 7.00 8.00 4.00 5.00 22.00 7.00 6.00 7.00 19.00 24.00 39.00 6.00 5.00 6.00 6.00 20.00 21.00 5.00 23.00 2.00
Peak Frequency1: 4229.58
Sampled Signal
22.00 5.00 10.00 24.00 7.00 0.00 4.00 5.00 4.00 22.00 0.00 5.00 0.00 3.00 0.00 3.00 4.00 7.00 6.00 0.00 0.00 4.00 18.00 0.00 0.00 25.00 4.00 1.00 7.00 7.00 2.00 28.00 19.00 2.00 2.00 1.00 0.00 6.00 17.00 6.00 5.00 5.00 1.00 20.00 6.00 5.00 0.00 0.00 19.00 0.00 0.00 7.00 4.00 7.00 24.00 0.00 4.00 2.00 7.00 4.00 24.00 6.00 20.00 39.00 3.00 12.00 10.00 0.00 8.00 0.00 0.00 2.00 5.00 8.00 29.00 2.00 0.00 25.00 9.00 0.00 18.00 25.00 3.00 3.00 20.00 10.00 8.00 1.00 21.00 6.00 0.00 0.00 8.00 4.00 23.00 21.00 7.00 0.00 4.00 2.00 17.00 2.00 22.00 19.00 8.00 3.00 24.00 4.00 0.00 5.00 18.00 1.00 21.00 23.00 20.00 0.00 21.00 3.00 10.00 8.00 19.00 8.00 1.00 5.00 7.00 25.00 18.00 18.00 0.00 23.00 21.00 5.00 39.00 9.00 4.00 5.00 0.00 24.00 4.00 6.00 31.00 0.00 20.00 18.00 6.00 6.00 0.00 4.00 21.00 0.00 0.00 0.00 26.00 7.00 0.00 4.00 7.00 1.00 19.00 0.00 17.00 0.00 6.00 0.00 4.00 1.00 16.00 23.00 4.00 1.00 5.00 5.00 0.00 8.00 0.00 122.00 0.00 6.00 3.00 1.00 8.00 0.00 0.00 2.00 2.00 18.00 10.00 0.00 7.00 0.00 18.00 22.00 22.00 0.00 8.00 199.00 20.00 16.00 24.00 3.00 6.00 4.00 2.00 24.00 4.00 94.00 28.00 8.00 2.00 0.00 0.00 2.00 18.00 2.00 23.00 4.00 7.00 0.00 2.00 23.00 0.00 5.00 7.00 6.00 3.00 46.00 6.00 29.00 18.00 25.00 4.00 8.00 7.00 0.00 20.00 57.00 0.00 20.00 5.00 9.00 6.00 21.00 6.00 20.00 18.00 22.00 10.00 0.00 28.00 8.00 7.00 6.00 9.00 0.00 7.00 19.00
Peak Frequency1: 4002.70
Sampled Signal
0.00 3.00 8.00 9.00 18.00 2.00 7.00 24.00 61.00 22.00 1.00 18.00 7.00 29.00 7.00 9.00 8.00 8.00 0.00 8.00 5.00 8.00 2.00 0.00 2.00 8.00 18.00 45.00 0.00 8.00 17.00 7.00 4.00 17.00 5.00 6.00 18.00 24.00 7.00 1.00 1.00 17.00 16.00 2.00 8.00 9.00 5.00 5.00 6.00 6.00 40.00 17.00 0.00 5.00 4.00 17.00 18.00 9.00 0.00 0.00 45.00 0.00 2.00 8.00 24.00 18.00 9.00 0.00 6.00 5.00 8.00 8.00 8.00 6.00 6.00 1.00 0.00 0.00 28.00 0.00 0.00 0.00 2.00 0.00 3.00 0.00 6.00 21.00 1.00 5.00 30.00 125.00 6.00 4.00 4.00 18.00 7.00 4.00 7.00 7.00 18.00 0.00 4.00 28.00 4.00 19.00 0.00 9.00 24.00 4.00 4.00 9.00 21.00 16.00 7.00 6.00 18.00 20.00 19.00 2.00 7.00 19.00 9.00 24.00 26.00 2.00 8.00 24.00 44.00 0.00 8.00 0.00 6.00 18.00 6.00 18.00 8.00 5.00 18.00 7.00 16.00 18.00 4.00 8.00 22.00 0.00 5.00 4.00 10.00 19.00 1.00 4.00 7.00 2.00 7.00 7.00 0.00 1.00 20.00 20.00 0.00 21.00 3.00 21.00 5.00 6.00 7.00 0.00 0.00 10.00 20.00 23.00 0.00 3.00 20.00 20.00 2.00 19.00 7.00 7.00 4.00 5.00 3.00 20.00 19.00 20.00 6.00 17.00 26.00 7.00 0.00 1.00 1.00 21.00 0.00 16.00 6.00 38.00 0.00 0.00 7.00 19.00 0.00 0.00 0.00 7.00 6.00 0.00 0.00 6.00 0.00 0.00 23.00 7.00 3.00 17.00 6.00 26.00 8.00 5.00 6.00 5.00 1.00 7.00 5.00 18.00 3.00 18.00 9.00 2.00 4.00 5.00 5.00 25.00 19.00 4.00 20.00 0.00 4.00 5.00 0.00 0.00 5.00 19.00 7.00 5.00 24.00 4.00 18.00 0.00 3.00 2.00 5.00 8.00 0.00 19.00 
Peak Frequency1: 2267.74